150 790 0 0 0
5
ATTACK=8
DEAD=7
IDLE=7
JUMP=7
RUN=7
ATTACK 000 = 0 2740 1635 1104
ATTACK 001 = 1636 2740 1635 1104
ATTACK 002 = 3272 2740 1635 1104
ATTACK 003 = 5526 1370 1635 1104
ATTACK 004 = 4908 2740 1635 1104
ATTACK 005 = 6544 2475 1635 1104
ATTACK 006 = 0 3845 1635 1104
ATTACK 007 = 0 4950 1635 1104
DEAD 000 = 0 0 1841 1369
DEAD 001 = 1842 0 1841 1369
DEAD 002 = 0 1370 1841 1369
DEAD 003 = 1842 1370 1841 1369
DEAD 004 = 3684 0 1841 1369
DEAD 005 = 3684 1370 1841 1369
DEAD 006 = 5526 0 1841 1369
IDLE 000 = 7162 1376 1464 1028
IDLE 001 = 8180 2405 1464 1028
IDLE 002 = 8180 3434 1464 1028
IDLE 003 = 8131 4463 1464 1028
IDLE 004 = 7998 5492 1464 1028
IDLE 005 = 7949 6521 1464 1028
IDLE 006 = 0 7174 1464 1028
JUMP 000 = 3188 6083 1586 1375
JUMP 001 = 4824 4964 1586 1375
JUMP 002 = 6544 3580 1586 1375
JUMP 003 = 4775 6340 1586 1375
JUMP 004 = 6411 4964 1586 1375
JUMP 005 = 6362 6340 1586 1375
JUMP 006 = 7368 0 1586 1375
RUN 000 = 1636 3845 1593 1118
RUN 001 = 0 6055 1593 1118
RUN 002 = 1636 4964 1593 1118
RUN 003 = 3230 3845 1593 1118
RUN 004 = 1594 6083 1593 1118
RUN 005 = 3230 4964 1593 1118
RUN 006 = 4824 3845 1593 1118