150 150 50 35 1
6
DEAD=10
IDLE=10
JUMP=10
ATTACK=8
RUN=8
SHOOT=4
Dead 1 = 7384 0 562 519
Dead 10 = 7384 520 562 519
Dead 2 = 7384 1040 562 519
Dead 3 = 5680 2785 562 519
Dead 4 = 6248 2228 562 519
Dead 5 = 6816 1671 562 519
Dead 6 = 7384 1560 562 519
Dead 7 = 6248 2748 562 519
Dead 8 = 6816 2191 562 519
Dead 9 = 7379 2080 562 519
Idle 1 = 0 0 567 556
Idle 10 = 568 0 567 556
Idle 2 = 1136 0 567 556
Idle 3 = 0 557 567 556
Idle 4 = 0 1114 567 556
Idle 5 = 568 557 567 556
Idle 6 = 568 1114 567 556
Idle 7 = 1136 557 567 556
Idle 8 = 1136 1114 567 556
Idle 9 = 1704 0 567 556
Jump 1 = 1704 557 567 556
Jump 10 = 2272 0 567 556
Jump 2 = 1704 1114 567 556
Jump 3 = 2272 557 567 556
Jump 4 = 2840 0 567 556
Jump 5 = 2272 1114 567 556
Jump 6 = 2840 557 567 556
Jump 7 = 3408 0 567 556
Jump 8 = 2840 1114 567 556
Jump 9 = 3408 557 567 556
ATTACK 1 = 1704 2785 567 556
ATTACK 2 = 2272 2228 567 556
ATTACK 3 = 2840 1671 567 556
ATTACK 4 = 2272 2785 567 556
ATTACK 5 = 2840 2228 567 556
ATTACK 6 = 3408 1671 567 556
ATTACK 7 = 2840 2785 567 556
ATTACK 8 = 3408 2228 567 556
Run 1 = 3408 2785 567 556
Run 2 = 3976 0 567 556
Run 3 = 3976 557 567 556
Run 4 = 4544 0 567 556
Run 5 = 3976 1114 567 556
Run 6 = 4544 557 567 556
Run 7 = 5112 0 567 556
Run 8 = 3976 1671 567 556
Shoot 1 = 4544 2228 567 556
Shoot 2 = 5112 1671 567 556
Shoot 3 = 5680 1114 567 556
Shoot 4 = 6248 557 567 556
